lr: 0.0001 	 Weight_decay:0.0001 =====> Precision:0.002 	 Recall:0.0026785714285714286 	 NDCG:0.0018801293400233549
lr: 0.0001 	 Weight_decay:0.0001 =====> Precision:0.016000000000000004 	 Recall:0.06026680672268908 	 NDCG:0.053768964334479356
